 Parameter ! Generated misalignments
 11101     0.0     -1.0000
 11201     0.0     -1.0000
 11301     -0.1918     -1.0000
 12101     0.0     -1.0000
 12201     0.0     -1.0000
 12301     0.0     -1.0000
 11103     0.0     -1.0000
 11203     0.0     -1.0000
 11303     -0.4418     -1.0000
 12103     0.0     -1.0000
 12203     0.0     -1.0000
 12303     0.0     -1.0000
 11105     0.0     -1.0000
 11205     0.0     -1.0000
 11305     -0.9415     -1.0000
 12105     0.0     -1.0000
 12205     0.0     -1.0000
 12305     0.0     -1.0000
 11107     0.0     -1.0000
 11207     0.0     -1.0000
 11307     -1.4412     -1.0000
 12107     0.0     -1.0000
 12207     0.0     -1.0000
 12307     0.0     -1.0000
 11171     0.0     -1.0000
 11271     0.0     -1.0000
 11371     -2.4408     -1.0000
 12171     0.0     -1.0000
 12271     0.0     -1.0000
 12371     0.0     -1.0000
 11173     0.0     -1.0000
 11273     0.0     -1.0000
 11373     -3.4404     -1.0000
 12173     0.0     -1.0000
 12273     0.0     -1.0000
 12373     0.0     -1.0000
 11175     0.0     -1.0000
 11275     0.0     -1.0000
 11375     -4.4399     -1.0000
 12175     0.0     -1.0000
 12275     0.0     -1.0000
 12375     0.0     -1.0000
 11102     0.0     -1.0000
 11202     0.0     -1.0000
 11302     -0.2297     -1.0000
 12102     0.0     -1.0000
 12202     0.0     -1.0000
 12302     0.0     -1.0000
 11104     0.0     -1.0000
 11204     0.0     -1.0000
 11304     -0.4796     -1.0000
 12104     0.0     -1.0000
 12204     0.0     -1.0000
 12304     0.0     -1.0000
 11106     0.0     -1.0000
 11206     0.0     -1.0000
 11306     -0.9783     -1.0000
 12106     0.0     -1.0000
 12206     0.0     -1.0000
 12306     0.0     -1.0000
 11108     0.0     -1.0000
 11208     0.0     -1.0000
 11308     -1.4781     -1.0000
 12108     0.0     -1.0000
 12208     0.0     -1.0000
 12308     0.0     -1.0000
 11172     0.0     -1.0000
 11272     0.0     -1.0000
 11372     -2.4777     -1.0000
 12172     0.0     -1.0000
 12272     0.0     -1.0000
 12372     0.0     -1.0000
 11174     0.0     -1.0000
 11274     0.0     -1.0000
 11374     -3.4771     -1.0000
 12174     0.0     -1.0000
 12274     0.0     -1.0000
 12374     0.0     -1.0000
 11176     0.0     -1.0000
 11276     0.0     -1.0000
 11376     -4.4767     -1.0000
 12176     0.0     -1.0000
 12276     0.0     -1.0000
 12376     0.0     -1.0000
 21102     0.0     -1.0000
 21202     0.0     -1.0000
 21302     -0.05     -1.0000
 22102     0.0     -1.0000
 22202     0.0     -1.0000
 22302     0.0     -1.0000
 21104     0.0     -1.0000
 21204     0.0     -1.0000
 21304     -0.05     -1.0000
 22104     0.0     -1.0000
 22204     0.0     -1.0000
 22304     0.0     -1.0000
 21106     0.0     -1.0000
 21206     0.0     -1.0000
 21306     -0.25     -1.0000
 22106     0.0     -1.0000
 22206     0.0     -1.0000
 22306     0.0     -1.0000
 21108     0.0     -1.0000
 21208     0.0     -1.0000
 21308     -0.25     -1.0000
 22108     0.0     -1.0000
 22208     0.0     -1.0000
 22308     0.0     -1.0000
 21171     0.0     -1.0000
 21271     0.0     -1.0000
 21371     -0.5     -1.0000
 22171     0.0     -1.0000
 22271     0.0     -1.0000
 22371     0.0     -1.0000
 21173     0.0     -1.0000
 21273     0.0     -1.0000
 21373     -0.5     -1.0000
 22173     0.0     -1.0000
 22273     0.0     -1.0000
 22373     0.0     -1.0000
 21175     0.0     -1.0000
 21275     0.0     -1.0000
 21375     -0.5     -1.0000
 22175     0.0     -1.0000
 22275     0.0     -1.0000
 22375     0.0     -1.0000
 21101     0.0     -1.0000
 21201     0.0     -1.0000
 21301     -0.05     -1.0000
 22101     0.0     -1.0000
 22201     0.0     -1.0000
 22301     0.0     -1.0000
 21103     0.0     -1.0000
 21203     0.0     -1.0000
 21303     -0.05     -1.0000
 22103     0.0     -1.0000
 22203     0.0     -1.0000
 22303     0.0     -1.0000
 21105     0.0     -1.0000
 21205     0.0     -1.0000
 21305     -0.25     -1.0000
 22105     0.0     -1.0000
 22205     0.0     -1.0000
 22305     0.0     -1.0000
 21107     0.0     -1.0000
 21207     0.0     -1.0000
 21307     -0.25     -1.0000
 22107     0.0     -1.0000
 22207     0.0     -1.0000
 22307     0.0     -1.0000
 21172     0.0     -1.0000
 21272     0.0     -1.0000
 21372     -0.5     -1.0000
 22172     0.0     -1.0000
 22272     0.0     -1.0000
 22372     0.0     -1.0000
 21174     0.0     -1.0000
 21274     0.0     -1.0000
 21374     -0.5     -1.0000
 22174     0.0     -1.0000
 22274     0.0     -1.0000
 22374     0.0     -1.0000
 21176     0.0     -1.0000
 21276     0.0     -1.0000
 21376     -0.5     -1.0000
 22176     0.0     -1.0000
 22276     0.0     -1.0000
 22376     0.0     -1.0000
