  
 ------------------ Loop           5 : Printout for record        2236           0
  

Measured value and local derivatives
  i measured std_dev  index...derivative ...
  1  0.6341E-02  0.8660E-02  4 -0.1905E-02  5   1.001    
  2 -0.7606E-02  0.6000E-02  6 -0.9793E-01  7 -0.9960    
  3 -0.1955E-01  0.6000E-02  8 -0.2777E-02  9   1.001    
  4  0.2253E-01  0.6000E-02 10 -0.9796E-01 11 -0.9960    
  5 -0.4066      0.6000E-02 12 -0.2598E-02 13   1.001    
  6  0.3992      0.8660E-02 14 -0.4726E-01 15 -0.9998    
  7  0.8189      0.6000E-02 16 -0.2736E-02 17   1.001    
  8 -0.8133      0.8660E-02 18 -0.4680E-01 19 -0.9997    
  9   0.000      0.4379E-03  3  0.5325E-02  5 -0.1368      7  0.1315    

 10   0.000      0.4380E-03  1  0.1438E-01  2  0.5326E-02  4 -0.1368    
                             6  0.1315    
 11   0.000      0.4379E-03  5  0.1315      7 -0.1422      9  0.1079E-01

 12   0.000      0.4380E-03  1  0.7379E-02  4  0.1315      6 -0.1423    
                             8  0.1080E-01
 13   0.000      0.4380E-03  7  0.1079E-01  9 -0.1417     11  0.1309    

 14   0.000      0.4381E-03  1  0.7381E-02  6  0.1080E-01  8 -0.1418    
                            10  0.1310    
 15   0.000      0.4380E-03  9  0.1309     11 -0.1361     13  0.5177E-02

 16   0.000      0.4381E-03  1  0.1478E-01  8  0.1310     10 -0.1362    
                            12  0.5178E-02
 17   0.000      0.4384E-03 11  0.5177E-02 13 -0.1361     15  0.1310    

 18   0.000      0.4385E-03  1  0.1478E-01 10  0.5178E-02 12 -0.1362    
                            14  0.1310    
 19   0.000      0.4384E-03 13  0.1310     15 -0.1361     17  0.5167E-02

 20   0.000      0.4385E-03  1  0.1481E-01 12  0.1310     14 -0.1362    
                            16  0.5168E-02
 21   0.000      0.4389E-03 15  0.5167E-02 17 -0.1368     19  0.1316    

 22   0.000      0.4390E-03  1  0.1480E-01 14  0.5168E-02 16 -0.1368    
                            18  0.1316    

Global derivatives
  i  label gindex vindex derivative ...
  1    11103      3      1   1.000        11203     13     -1  0.1467E-02
       11303     23     -1 -0.4549E-01    12203     43     -1  0.8270    
       12303     53     -1  0.2667E-01
  2    11104      4      2  0.9999        11204     14     -1 -0.1025E-03
       11304     24     -1 -0.1478E-02    12204     44     -1 -0.2487E-01
       12304     54     -1  0.1725E-02
  3    11105      5      3   1.000        11205     15     -1  0.1488E-02
       11305     25     -1 -0.4521E-01    12205     45     -1  0.7037    
       12305     55     -1  0.2316E-01
  4    11106      6      4  0.9999        11206     16     -1 -0.7790E-04
       11306     26     -1 -0.1121E-02    12206     46     -1 -0.1671E-01
       12306     56     -1  0.1161E-02
  5    11107      7      5   1.000        11207     17     -1  0.1441E-02
       11307     27     -1 -0.4460E-01    12207     47     -1  0.4784    
       12307     57     -1  0.1546E-01
  6    11108      8      6  0.9999        11208     18     -1 -0.4117E-04
       11308     28     -1 -0.2167E-02    12208     48     -1 -0.2392E-01
       12308     58     -1  0.4545E-03
  7    11109      9     -1   1.000        11209     19     -1  0.1410E-02
       11309     29     -1 -0.4400E-01    12209     49     -1  0.1895    
       12309     59     -1  0.6070E-02
  8    11110     10     -1  0.9999        11210     20     -1 -0.2778E-04
       11310     30     -1 -0.1473E-02    12210     50     -1 -0.8307E-02
       12310     60     -1  0.1567E-03
  
 Data corrections using values of global parameters
 ==================================================
 index measvalue   corrvalue          sigma
     1    0.6341E-02  0.1000     +-  0.8660E-02
     2   -0.7606E-02 -0.1942     +-  0.6000E-02
     3   -0.1955E-01 -0.1393     +-  0.6000E-02
     4    0.2253E-01  0.2189E-02 +-  0.6000E-02
     5   -0.4066     -0.4548     +-  0.6000E-02
     6    0.3992      0.4013     +-  0.8660E-02
     7    0.8189      0.8189     +-  0.6000E-02
     8   -0.8133     -0.8133     +-  0.8660E-02
  
 Outlier-suppression iteration           1  of           1
 ==========================================
  
  
 Parameter determination:          19  parameters, rank=          19
 -----------------------
  
 Third loop: single residuals
 index corrvalue    residuum          sigma     nresid     cnresid
     1    0.1000      0.5134E-02 +-  0.8660E-02   0.59        0.59
     2   -0.1942      0.1918E-02 +-  0.6000E-02   0.32        0.32
     3   -0.1393     -0.7156E-03 +-  0.6000E-02   0.12        0.12
     4    0.2189E-02 -0.3661E-02 +-  0.6000E-02   0.61        0.61
     5   -0.4548     -0.2118E-02 +-  0.6000E-02   0.35        0.35
     6    0.4013      0.1082E-01 +-  0.8660E-02   1.25        1.25
     7    0.8189      0.2164E-02 +-  0.6000E-02   0.36        0.36
     8   -0.8133     -0.3460E-02 +-  0.8660E-02   0.40        0.40
     9     0.000      0.9313E-09 +-  0.4379E-03   0.00        0.00
    10     0.000       0.000     +-  0.4380E-03   0.00        0.00
    11     0.000     -0.9995E-04 +-  0.4379E-03   0.23        0.23
    12     0.000      0.1900E-06 +-  0.4380E-03   0.00        0.00
    13     0.000     -0.3750E-03 +-  0.4380E-03   0.86        0.86
    14     0.000      0.9525E-04 +-  0.4381E-03   0.22        0.22
    15     0.000     -0.3685E-03 +-  0.4380E-03   0.84        0.84
    16     0.000      0.1030E-03 +-  0.4381E-03   0.24        0.24
    17     0.000     -0.3966E-02 +-  0.4384E-03   9.05 ***    9.05
    18     0.000     -0.7029E-04 +-  0.4385E-03   0.16        0.16
    19     0.000     -0.4022E-02 +-  0.4384E-03   9.17 ***    9.17
    20     0.000     -0.7737E-04 +-  0.4385E-03   0.18        0.18
    21     0.000     -0.6752E-04 +-  0.4389E-03   0.15        0.15
    22     0.000     -0.3174E-05 +-  0.4390E-03   0.01        0.01
  
 Chi^2=   170.45613511890107       at           3  degrees of freedom: 3-sigma limit is   14.1552000    
   22.0000000      is sum of factors, compared to          22  Downweight fraction:   0.00000000    
    ---> rejected!
  
 ------------------ End of printout for record        2236
  
  
 ------------------ Loop           5 : Printout for record        4591           0
  

Measured value and local derivatives
  i measured std_dev  index...derivative ...
  1  0.4617E-04  0.6000E-02  4 -0.1646E-02  5   1.001    
  2  0.2243E-02  0.6000E-02  6 -0.9812E-01  7 -0.9959    
  3 -0.3001E-01  0.6000E-02  8 -0.2003E-02  9   1.001    
  4  0.1732E-01  0.6000E-02 10 -0.9790E-01 11 -0.9959    
  5  0.1576      0.6000E-02 12 -0.3116E-02 13   1.001    
  6 -0.1575      0.6000E-02 14 -0.9783E-01 15 -0.9958    
  7  0.8503E-01  0.3000E-01 16 -0.3425E-02 17   1.001    
  8  0.3702E-01  0.6000E-02 18 -0.4674E-01 19 -0.9996    
  9 -0.6033      0.8660E-02 20 -0.4067E-02 21   1.001    
 10  0.5154      0.6000E-02 22 -0.4609E-01 23 -0.9995    
 11   0.000      0.1042E-02  3  0.1143E-01  5 -0.1415      7  0.1300    

 12   0.000      0.1043E-02  1  0.7006E-02  2  0.1143E-01  4 -0.1415    
                             6  0.1301    
 13   0.000      0.1042E-02  5  0.1300      7 -0.1408      9  0.1080E-01

 14   0.000      0.1043E-02  1  0.7384E-02  4  0.1301      6 -0.1409    
                             8  0.1080E-01
 15   0.000      0.1043E-02  7  0.1080E-01  9 -0.1422     11  0.1314    

 16   0.000      0.1043E-02  1  0.7378E-02  6  0.1080E-01  8 -0.1422    
                            10  0.1314    
 17   0.000      0.1043E-02  9  0.1314     11 -0.1421     13  0.1078E-01

 18   0.000      0.1044E-02  1  0.7389E-02  8  0.1314     10 -0.1422    
                            12  0.1078E-01
 19   0.000      0.1044E-02 11  0.1078E-01 13 -0.1415     15  0.1307    

 20   0.000      0.1045E-02  1  0.7392E-02 10  0.1078E-01 12 -0.1415    
                            14  0.1307    
 21   0.000      0.1045E-02 13  0.1307     15 -0.1358     17  0.5156E-02

 22   0.000      0.1045E-02  1  0.1484E-01 12  0.1307     14 -0.1359    
                            16  0.5156E-02
 23   0.000      0.1048E-02 15  0.5156E-02 17 -0.1353     19  0.1301    

 24   0.000      0.1048E-02  1  0.1484E-01 14  0.5156E-02 16 -0.1353    
                            18  0.1302    
 25   0.000      0.1048E-02 17  0.1301     19 -0.1353     21  0.5119E-02

 26   0.000      0.1048E-02  1  0.1494E-01 16  0.1302     18 -0.1353    
                            20  0.5120E-02
 27   0.000      0.1053E-02 19  0.5119E-02 21 -0.1350     23  0.1299    

 28   0.000      0.1053E-02  1  0.1494E-01 18  0.5120E-02 20 -0.1351    
                            22  0.1300    

Global derivatives
  i  label gindex vindex derivative ...
  1    11101      1     -1   1.000        11201     11     -1  0.1418E-02
       11301     21     -1 -0.4384E-01    12201     41     -1  0.5292    
       12301     51     -1  0.1711E-01
  2    11102      2     -1  0.9998        11202     12     -1 -0.2684E-03
       11302     22     -1 -0.3875E-02    12202     42     -1 -0.3258E-01
       12302     52     -1  0.2257E-02
  3    11103      3      1   1.000        11203     13     -1  0.1391E-02
       11303     23     -1 -0.4312E-01    12203     43     -1  0.4072    
       12303     53     -1  0.1313E-01
  4    11104      4      2  0.9998        11204     14     -1 -0.2110E-03
       11304     24     -1 -0.3043E-02    12204     44     -1 -0.1940E-01
       12304     54     -1  0.1345E-02
  5    11105      5      3   1.000        11205     15     -1  0.1396E-02
       11305     25     -1 -0.4243E-01    12205     45     -1  0.2895    
       12305     55     -1  0.9528E-02
  6    11106      6      4  0.9999        11206     16     -1 -0.1523E-03
       11306     26     -1 -0.2192E-02    12206     46     -1 -0.1018E-01
       12306     56     -1  0.7074E-03
  7    11107      7      5   1.000        11207     17     -1  0.1325E-02
       11307     27     -1 -0.4101E-01    12207     47     -1  0.8383E-01
       12307     57     -1  0.2709E-02
  8    11108      8      6  0.9999        11208     18     -1 -0.4323E-04
       11308     28     -1 -0.2275E-02    12208     48     -1 -0.4877E-02
       12308     58     -1  0.9267E-04
  9    11109      9     -1   1.000        11209     19     -1  0.1269E-02
       11309     29     -1 -0.3961E-01    12209     49     -1 -0.8317E-01
       12309     59     -1 -0.2665E-02
 10    11110     10     -1   1.000        11210     20     -1 -0.9714E-05
       11310     30     -1 -0.5150E-03    12210     50     -1  0.2598E-03
       12310     60     -1 -0.4900E-05
  
 Data corrections using values of global parameters
 ==================================================
 index measvalue   corrvalue          sigma
     1    0.4617E-04  0.4617E-04 +-  0.6000E-02
     2    0.2243E-02  0.2243E-02 +-  0.6000E-02
     3   -0.3001E-01  0.6370E-01 +-  0.6000E-02
     4    0.1732E-01 -0.1693     +-  0.6000E-02
     5    0.1576      0.3788E-01 +-  0.6000E-02
     6   -0.1575     -0.1778     +-  0.6000E-02
     7    0.8503E-01  0.3676E-01 +-  0.3000E-01
     8    0.3702E-01  0.3913E-01 +-  0.6000E-02
     9   -0.6033     -0.6033     +-  0.8660E-02
    10    0.5154      0.5154     +-  0.6000E-02
  
 Outlier-suppression iteration           1  of           1
 ==========================================
  
  
 Parameter determination:          23  parameters, rank=          23
 -----------------------
  
 Third loop: single residuals
 index corrvalue    residuum          sigma     nresid     cnresid
     1    0.4617E-04  0.2856E-02 +-  0.6000E-02   0.48        0.48
     2    0.2243E-02  0.3113E-02 +-  0.6000E-02   0.52        0.52
     3    0.6370E-01 -0.4601E-02 +-  0.6000E-02   0.77        0.77
     4   -0.1693     -0.5196E-02 +-  0.6000E-02   0.87        0.87
     5    0.3788E-01 -0.1184E-03 +-  0.6000E-02   0.02        0.02
     6   -0.1778      0.4365E-03 +-  0.6000E-02   0.07        0.07
     7    0.3676E-01  0.1469     +-  0.3000E-01   4.90 **     4.90
     8    0.3913E-01  0.5539E-02 +-  0.6000E-02   0.92        0.92
     9   -0.6033     -0.4939E-02 +-  0.8660E-02   0.57        0.57
    10    0.5154     -0.2256E-02 +-  0.6000E-02   0.38        0.38
    11     0.000       0.000     +-  0.1042E-02   0.00        0.00
    12     0.000      0.2328E-09 +-  0.1043E-02   0.00        0.00
    13     0.000     -0.6638E-03 +-  0.1042E-02   0.64        0.64
    14     0.000      0.1092E-05 +-  0.1043E-02   0.00        0.00
    15     0.000      0.1068E-04 +-  0.1043E-02   0.01        0.01
    16     0.000      0.8698E-03 +-  0.1043E-02   0.83        0.83
    17     0.000      0.1126E-02 +-  0.1043E-02   1.08        1.08
    18     0.000      0.9392E-03 +-  0.1044E-02   0.90        0.90
    19     0.000      0.2091E-03 +-  0.1044E-02   0.20        0.20
    20     0.000      0.3572E-03 +-  0.1045E-02   0.34        0.34
    21     0.000      0.1607E-03 +-  0.1045E-02   0.15        0.15
    22     0.000      0.3090E-03 +-  0.1045E-02   0.30        0.30
    23     0.000      0.1499E-02 +-  0.1048E-02   1.43 *      1.43
    24     0.000     -0.6674E-03 +-  0.1048E-02   0.64        0.64
    25     0.000      0.1738E-03 +-  0.1048E-02   0.17        0.17
    26     0.000     -0.7016E-03 +-  0.1048E-02   0.67        0.67
    27     0.000     -0.5341E-03 +-  0.1053E-02   0.51        0.51
    28     0.000     -0.2466E-04 +-  0.1053E-02   0.02        0.02
  
 Chi^2=   33.654812802250426       at           5  degrees of freedom: 3-sigma limit is   18.2049999    
   28.0000000      is sum of factors, compared to          28  Downweight fraction:   0.00000000    
    ---> rejected!
  
 ------------------ End of printout for record        4591
  
