Parameter
11101     0	   -1
11102     0        -1.0000
11103     0        0.0000
11104     0        0.0000
11105     0        0.0000
11106     0        -1.0000
11107     0        0.0000
11108     0        0.0000
11109     0        -1.0000
11110     0        -1.0000
11201     0        -1
11202     0        -1.0000
11203     0        -1.0000
11204     0        -1.0000
11205     0        -1.0000
11206     0        -1.0000
11207     0        -1.0000
11208     0        -1.0000
11209     0        -1.0000
11210     0        -1.0000
11301     0        -1
11302     0        -1.0000
11303     0        -1.0000
11304     0        -1.0000
11305     0        -1.0000
11306     0        -1.0000
11307     0        -1.0000
11308     0        -1.0000
11309     0        -1.0000
11310     0        -1.0000
12101     0        -1
12102     0        -1.00
12103     0        -1.0000
12104     0        -1.0000
12105     0        -1.0000
12106     0        -1.0000
12107     0        -1.0000
12108     0        -1.0000
12109     0        -1.0000
12110     0        -1.0000
12201     0        -1
12202     0        -1.00
12203     0        -1.0000
12204     0        -1.0000
12205     0        -1.0000
12206     0        -1.0000
12207     0        -1.0000
12208     0        -1.0000
12209     0        -1.0000
12210     0        -1.0000
12301     0        -1
12302     0        -1.0000
12303     0        -1.0000
12304     0        -1.0000
12305     0        -1.0000
12306     0        -1.0000
12307     0        -1.0000
12308     0        -1.0000
12309     0        -1.0000
12310     0        -1.0000
