Parameter
21101     0	   -1
21102     0        -1.00
21103     0        0.0000
21104     0        0.0000
21105     0        0.0000
21106     0        0.0000
21107     0        0.0000
21108     0        0.0000
21109     0        -1.0000
21110     0        -1.0000
21201     0        -1
21202     0        -1.00
21203     0        -1.0000
21204     0        -1.0000
21205     0        -1.0000
21206     0        -1.0000
21207     0        -1.0000
21208     0        -1.0000
21209     0        -1.0000
21210     0        -1.0000
21301     0        -1
21302     0        -1.00
21303     0        0.0000
21304     0        0.0000
21305     0        0.0000
21306     0        0.0000
21307     0        0.0000
21308     0        0.0000
21309     0        -1.0000
21310     0        -1.0000
22101     0        -1
22102     0        -1.00
22103     0        -1.0000
22104     0        -1.0000
22105     0        -1.0000
22106     0        -1.0000
22107     0        -1.0000
22108     0        -1.0000
22109     0        -1.0000
22110     0        -1.0000
22201     0        -1
22202     0        -1.00
22203     0        -1.0000
22204     0        -1.0000
22205     0        -1.0000
22206     0        -1.0000
22207     0        -1.0000
22208     0        -1.0000
22209     0        -1.0000
22210     0        -1.0000
22301     0        -1
22302     0        -1.00
22303     0        -1.0000
22304     0        -1.0000
22305     0        -1.0000
22306     0        -1.0000
22307     0        -1.0000
22308     0        -1.0000
22309     0        -1.0000
22310     0        -1.0000
