Cfiles
../gbl/hps-gbl/milleBinaryISN_tmp_top.dat


Parameter
11101     0			0
11102     0        0
11103     0        0	
11104     0        0
11105     0        0
11106     0        0
11107     0        0
11108     0        0
11109     0        0
11110     0        0
11111     0        0
11112     0        0
11113     0        -1
11114     0        -1
11115     0        -1
11116     0        -1
11117     0        -1
11117     0        -1
11201     0        -1
11202     0        -1
11203     0        -1
11204     0        -1
11205     0        -1
11206     0        -1
11207     0        -1
11208     0        -1
11209     0        -1
11210     0        -1
11211     0        -1
11212     0        -1
11213     0        -1
11214     0        -1
11215     0        -1
11216     0        -1
11217     0        -1
11218     0        -1
11301     0        -1
11302     0        -1
11303     0        -1
11304     0        -1
11305     0        -1
11306     0        -1
11307     0        -1
11308     0        -1
11309     0        -1
11310     0        -1
11311     0        -1
11312     0        -1
11313     0        -1
11314     0        -1
11315     0        -1
11316     0        -1
11317     0        -1
11318     0        -1





21101     0	   0
21102     0        -1
21103     0        -1	
21104     0        -1
21105     0        -1
21106     0        -1
21107     0        -1
21108     0        -1
21109     0        -1
21110     0        -1
21111     0        -1
21112     0        -1
21113     0        -1
21114     0        -1
21115     0        -1
21116     0        -1
21117     0        -1
21117     0        -1
21201     0        -1
21202     0        -1
21203     0        -1
21204     0        -1
21205     0        -1
21206     0        -1
21207     0        -1
21208     0        -1
21209     0        -1
21210     0        -1
21211     0        -1
21212     0        -1
21213     0        -1
21214     0        -1
21215     0        -1
21216     0        -1
21217     0        -1
21218     0        -1
21301     0        -1
21302     0        -1
21303     0        -1
21304     0        -1
21305     0        -1
21306     0        -1
21307     0        -1
21308     0        -1
21309     0        -1
21310     0        -1
21311     0        -1
21312     0        -1
21313     0        -1
21314     0        -1
21315     0        -1
21316     0        -1
21317     0        -1
21318     0        -1

!Constraint 0.
!11103 1.
!11104 -1.


!Measurement 0. 2.
!11301 1.
!11307 -1.



printrecord -1 -1

!chiscut 1000. 200.
chiscut 30. 6.
outlierdownweighting 4
!method inversion 10 1.
method diagonalization 10 1.
skipemptycons

histprint

end
