21101     0	   -1
21102     0        -1.0000
21103     0        0.0000
21104     0        0.0000
21105     0        0.0000
21106     0        0.0000
21107     0        0.0000
21108     0        0.0000
21109     0        -1.0000
21110     0        -1.0000
21201     0        -1
21202     0        0.0000
21203     0        0.0000
21204     0        0.0000
21205     0        0.0000
21206     0        0.0000
21207     0        0.0000
21208     0        0.0000
21209     0        0.0000
21210     0        0.0000
21301     0        -1
21302     0        -1.00
21303     0        0.0000
21304     0        0.0000
21305     0        0.0000
21306     0        0.0000
21307     0        0.0000
21308     0        0.0000
21309     0        0.0000
21310     0        0.0000
22101     0        -1
22102     0        0.00
22103     0        0.0000
22104     0        0.0000
22105     0        0.0000
22106     0        0.0000
22107     0        0.0000
22108     0        0.0000
22109     0        0.0000
22110     0        0.0000
22201     0        -1
22202     0        0.00
22203     0        0.0000
22204     0        0.0000
22205     0        0.0000
22206     0        0.0000
22207     0        0.0000
22208     0        0.0000
22209     0        0.0000
22210     0        0.0000
22301     0        -1
22302     0        0.00
22303     0        0.0000
22304     0        0.0000
22305     0        0.0000
22306     0        0.0000
22307     0        0.0000
22308     0        0.0000
22309     0        0.0000
22310     0        0.0000
11101     0	   -1
11102     0        -1.0000
11103     0        0.0000
11104     0        0.0000
11105     0        0.0000
11106     0        0.0000
11107     0        0.0000
11108     0        0.0000
11109     0        0.0000
11110     0        0.0000
11201     0        -1
11202     0        -1.0000
11203     0        -1.0000
11204     0        -1.0000
11205     0        0.0000
11206     0        0.0000
11207     0        0.0000
11208     0        0.0000
11209     0        0.0000
11210     0        0.0000
11301     0        -1
11302     0        0.00
11303     0        0.0000
11304     0        0.0000
11305     0        0.0000
11306     0        0.0000
11307     0        0.0000
11308     0        0.0000
11309     0        0.0000
11310     0        0.0000
12101     0        -1
12102     0        0.00
12103     0        0.0000
12104     0        0.0000
12105     0        0.0000
12106     0        0.0000
12107     0        0.0000
12108     0        0.0000
12109     0        0.0000
12110     0        0.0000
12201     0        -1
12202     0        0.00
12203     0        0.0000
12204     0        0.0000
12205     0        0.0000
12206     0        0.0000
12207     0        0.0000
12208     0        0.0000
12209     0        0.0000
12210     0        0.0000
12301     0        -1
12302     0        0.0000
12303     0        0.0000
12304     0        0.0000
12305     0        0.0000
12306     0        0.0000
12307     0        0.0000
12308     0        0.0000
12309     0        0.0000
12310     0        0.0000
